(kicad_pcb (version 20171130) (host pcbnew 5.0.2-bee76a0~70~ubuntu18.04.1)

  (general
    (thickness 1.6)
    (drawings 10)
    (tracks 384)
    (zones 0)
    (modules 45)
    (nets 70)
  )

  (page A4)
  (layers
    (0 F.Cu signal)
    (31 B.Cu signal)
    (32 B.Adhes user)
    (33 F.Adhes user)
    (34 B.Paste user)
    (35 F.Paste user)
    (36 B.SilkS user)
    (37 F.SilkS user)
    (38 B.Mask user)
    (39 F.Mask user)
    (40 Dwgs.User user)
    (41 Cmts.User user)
    (42 Eco1.User user)
    (43 Eco2.User user)
    (44 Edge.Cuts user)
    (45 Margin user)
    (46 B.CrtYd user hide)
    (47 F.CrtYd user)
    (48 B.Fab user hide)
    (49 F.Fab user hide)
  )

  (setup
    (last_trace_width 0.2032)
    (trace_clearance 0.1524)
    (zone_clearance 0.508)
    (zone_45_only no)
    (trace_min 0.1524)
    (segment_width 0.2)
    (edge_width 0.15)
    (via_size 0.8)
    (via_drill 0.4)
    (via_min_size 0.508)
    (via_min_drill 0.254)
    (uvia_size 0.3)
    (uvia_drill 0.1)
    (uvias_allowed no)
    (uvia_min_size 0.2)
    (uvia_min_drill 0.1)
    (pcb_text_width 0.3)
    (pcb_text_size 1.5 1.5)
    (mod_edge_width 0.15)
    (mod_text_size 1 1)
    (mod_text_width 0.15)
    (pad_size 2.5 2.5)
    (pad_drill 1.3)
    (pad_to_mask_clearance 0.051)
    (solder_mask_min_width 0.25)
    (aux_axis_origin 0 0)
    (visible_elements FFFFFF7F)
    (pcbplotparams
      (layerselection 0x010fc_ffffffff)
      (usegerberextensions false)
      (usegerberattributes false)
      (usegerberadvancedattributes false)
      (creategerberjobfile false)
      (excludeedgelayer true)
      (linewidth 0.100000)
      (plotframeref false)
      (viasonmask false)
      (mode 1)
      (useauxorigin false)
      (hpglpennumber 1)
      (hpglpenspeed 20)
      (hpglpendiameter 15.000000)
      (psnegative false)
      (psa4output false)
      (plotreference true)
      (plotvalue true)
      (plotinvisibletext false)
      (padsonsilk false)
      (subtractmaskfromsilk false)
      (outputformat 1)
      (mirror false)
      (drillshape 1)
      (scaleselection 1)
      (outputdirectory ""))
  )

  (net 0 "")
  (net 1 /SCL)
  (net 2 /SDA)
  (net 3 "Net-(A1-Pad1)")
  (net 4 "Net-(A1-Pad17)")
  (net 5 "Net-(A1-Pad2)")
  (net 6 "Net-(A1-Pad18)")
  (net 7 "Net-(A1-Pad3)")
  (net 8 "Net-(A1-Pad19)")
  (net 9 "Net-(A1-Pad4)")
  (net 10 "Net-(A1-Pad20)")
  (net 11 "Net-(A1-Pad21)")
  (net 12 "Net-(A1-Pad22)")
  (net 13 "Net-(A1-Pad23)")
  (net 14 "Net-(A1-Pad8)")
  (net 15 "Net-(A1-Pad24)")
  (net 16 "Net-(A1-Pad9)")
  (net 17 "Net-(A1-Pad25)")
  (net 18 "Net-(A1-Pad10)")
  (net 19 "Net-(A1-Pad26)")
  (net 20 "Net-(A1-Pad11)")
  (net 21 "Net-(A1-Pad27)")
  (net 22 "Net-(A1-Pad28)")
  (net 23 "Net-(A1-Pad13)")
  (net 24 "Net-(A1-Pad14)")
  (net 25 "Net-(A1-Pad30)")
  (net 26 "Net-(A1-Pad15)")
  (net 27 "Net-(A1-Pad16)")
  (net 28 /~OE)
  (net 29 GND)
  (net 30 VCC)
  (net 31 "Net-(R1-Pad1)")
  (net 32 PWR_CH11)
  (net 33 PWR_CH10)
  (net 34 PWR_CH9)
  (net 35 PWR_CH8)
  (net 36 PWR_CH7)
  (net 37 PWR_CH6)
  (net 38 PWR_CH5)
  (net 39 PWR_CH4)
  (net 40 PWR_CH0)
  (net 41 PWR_CH1)
  (net 42 PWR_CH2)
  (net 43 PWR_CH3)
  (net 44 28V)
  (net 45 /input_hicurrent)
  (net 46 /PWM11)
  (net 47 /PWM10)
  (net 48 /PWM9)
  (net 49 /PWM8)
  (net 50 /PWM7)
  (net 51 /PWM6)
  (net 52 /PWM5)
  (net 53 /PWM4)
  (net 54 /PWM0)
  (net 55 /PWM1)
  (net 56 /PWM2)
  (net 57 /PWM3)
  (net 58 "Net-(R22-Pad1)")
  (net 59 "Net-(R23-Pad1)")
  (net 60 "Net-(R24-Pad1)")
  (net 61 "Net-(R25-Pad1)")
  (net 62 "Net-(R26-Pad1)")
  (net 63 "Net-(U1-Pad19)")
  (net 64 "Net-(U1-Pad20)")
  (net 65 "Net-(U1-Pad21)")
  (net 66 "Net-(U1-Pad22)")
  (net 67 "Net-(Q17-Pad2)")
  (net 68 "Net-(C4-Pad2)")
  (net 69 "Net-(C5-Pad2)")

  (net_class Default "This is the default net class."
    (clearance 0.1524)
    (trace_width 0.2032)
    (via_dia 0.8)
    (via_drill 0.4)
    (uvia_dia 0.3)
    (uvia_drill 0.1)
    (add_net /PWM0)
    (add_net /PWM1)
    (add_net /PWM10)
    (add_net /PWM11)
    (add_net /PWM2)
    (add_net /PWM3)
    (add_net /PWM4)
    (add_net /PWM5)
    (add_net /PWM6)
    (add_net /PWM7)
    (add_net /PWM8)
    (add_net /PWM9)
    (add_net /SCL)
    (add_net /SDA)
    (add_net /~OE)
    (add_net GND)
    (add_net "Net-(A1-Pad1)")
    (add_net "Net-(A1-Pad10)")
    (add_net "Net-(A1-Pad11)")
    (add_net "Net-(A1-Pad13)")
    (add_net "Net-(A1-Pad14)")
    (add_net "Net-(A1-Pad15)")
    (add_net "Net-(A1-Pad16)")
    (add_net "Net-(A1-Pad17)")
    (add_net "Net-(A1-Pad18)")
    (add_net "Net-(A1-Pad19)")
    (add_net "Net-(A1-Pad2)")
    (add_net "Net-(A1-Pad20)")
    (add_net "Net-(A1-Pad21)")
    (add_net "Net-(A1-Pad22)")
    (add_net "Net-(A1-Pad23)")
    (add_net "Net-(A1-Pad24)")
    (add_net "Net-(A1-Pad25)")
    (add_net "Net-(A1-Pad26)")
    (add_net "Net-(A1-Pad27)")
    (add_net "Net-(A1-Pad28)")
    (add_net "Net-(A1-Pad3)")
    (add_net "Net-(A1-Pad30)")
    (add_net "Net-(A1-Pad4)")
    (add_net "Net-(A1-Pad8)")
    (add_net "Net-(A1-Pad9)")
    (add_net "Net-(C4-Pad2)")
    (add_net "Net-(C5-Pad2)")
    (add_net "Net-(Q17-Pad2)")
    (add_net "Net-(R1-Pad1)")
    (add_net "Net-(R22-Pad1)")
    (add_net "Net-(R23-Pad1)")
    (add_net "Net-(R24-Pad1)")
    (add_net "Net-(R25-Pad1)")
    (add_net "Net-(R26-Pad1)")
    (add_net "Net-(U1-Pad19)")
    (add_net "Net-(U1-Pad20)")
    (add_net "Net-(U1-Pad21)")
    (add_net "Net-(U1-Pad22)")
    (add_net VCC)
  )

  (net_class HighCurrent ""
    (clearance 0.254)
    (trace_width 1.5)
    (via_dia 0.8)
    (via_drill 0.4)
    (uvia_dia 0.3)
    (uvia_drill 0.1)
    (add_net /input_hicurrent)
    (add_net 28V)
  )

  (net_class Power ""
    (clearance 0.254)
    (trace_width 0.508)
    (via_dia 0.8)
    (via_drill 0.4)
    (uvia_dia 0.3)
    (uvia_drill 0.1)
    (add_net PWR_CH0)
    (add_net PWR_CH1)
    (add_net PWR_CH10)
    (add_net PWR_CH11)
    (add_net PWR_CH2)
    (add_net PWR_CH3)
    (add_net PWR_CH4)
    (add_net PWR_CH5)
    (add_net PWR_CH6)
    (add_net PWR_CH7)
    (add_net PWR_CH8)
    (add_net PWR_CH9)
  )

  (module Module:Arduino_UNO_R3 (layer B.Cu) (tedit 5C43B492) (tstamp 5C5D95C3)
    (at 77.978 101.346 270)
    (descr "Arduino UNO R3, http://www.mouser.com/pdfdocs/Gravitech_Arduino_Nano3_0.pdf")
    (tags "Arduino UNO R3")
    (path /5C1AEDB3)
    (fp_text reference A1 (at 1.27 3.81 90) (layer B.SilkS)
      (effects (font (size 1 1) (thickness 0.15)) (justify mirror))
    )
    (fp_text value Arduino_UNO_R3 (at 0 -22.86 270) (layer B.Fab)
      (effects (font (size 1 1) (thickness 0.15)) (justify mirror))
    )
    (fp_text user %R (at 0 -20.32 90) (layer B.Fab)
      (effects (font (size 1 1) (thickness 0.15)) (justify mirror))
    )
    (fp_line (start 38.35 2.79) (end 38.35 0) (layer B.CrtYd) (width 0.05))
    (fp_line (start 38.35 0) (end 40.89 -2.54) (layer B.CrtYd) (width 0.05))
    (fp_line (start 40.89 -2.54) (end 40.89 -35.31) (layer B.CrtYd) (width 0.05))
    (fp_line (start 40.89 -35.31) (end 38.35 -37.85) (layer B.CrtYd) (width 0.05))
    (fp_line (start 38.35 -37.85) (end 38.35 -49.28) (layer B.CrtYd) (width 0.05))
    (fp_line (start 38.35 -49.28) (end 36.58 -51.05) (layer B.CrtYd) (width 0.05))
    (fp_line (start 36.58 -51.05) (end -28.19 -51.05) (layer B.CrtYd) (width 0.05))
    (fp_line (start -28.19 -51.05) (end -28.19 -41.53) (layer B.CrtYd) (width 0.05))
    (fp_line (start -28.19 -41.53) (end -34.54 -41.53) (layer B.CrtYd) (width 0.05))
    (fp_line (start -34.54 -41.53) (end -34.54 -29.59) (layer B.CrtYd) (width 0.05))
    (fp_line (start -34.54 -29.59) (end -28.19 -29.59) (layer B.CrtYd) (width 0.05))
    (fp_line (start -28.19 -29.59) (end -28.19 -9.78) (layer B.CrtYd) (width 0.05))
    (fp_line (start -28.19 -9.78) (end -30.1 -9.78) (layer B.CrtYd) (width 0.05))
    (fp_line (start -30.1 -9.78) (end -30.1 -0.38) (layer B.CrtYd) (width 0.05))
    (fp_line (start -30.1 -0.38) (end -28.19 -0.38) (layer B.CrtYd) (width 0.05))
    (fp_line (start -28.19 -0.38) (end -28.19 2.79) (layer B.CrtYd) (width 0.05))
    (fp_line (start -28.19 2.79) (end 38.35 2.79) (layer B.CrtYd) (width 0.05))
    (fp_line (start 40.77 -35.31) (end 40.77 -2.54) (layer B.SilkS) (width 0.12))
    (fp_line (start 40.77 -2.54) (end 38.23 0) (layer B.SilkS) (width 0.12))
    (fp_line (start 38.23 0) (end 38.23 2.67) (layer B.SilkS) (width 0.12))
    (fp_line (start 38.23 2.67) (end -28.07 2.67) (layer B.SilkS) (width 0.12))
    (fp_line (start -28.07 2.67) (end -28.07 -0.51) (layer B.SilkS) (width 0.12))
    (fp_line (start -28.07 -0.51) (end -29.97 -0.51) (layer B.SilkS) (width 0.12))
    (fp_line (start -29.97 -0.51) (end -29.97 -9.65) (layer B.SilkS) (width 0.12))
    (fp_line (start -29.97 -9.65) (end -28.07 -9.65) (layer B.SilkS) (width 0.12))
    (fp_line (start -28.07 -9.65) (end -28.07 -29.72) (layer B.SilkS) (width 0.12))
    (fp_line (start -28.07 -29.72) (end -34.42 -29.72) (layer B.SilkS) (width 0.12))
    (fp_line (start -34.42 -29.72) (end -34.42 -41.4) (layer B.SilkS) (width 0.12))
    (fp_line (start -34.42 -41.4) (end -28.07 -41.4) (layer B.SilkS) (width 0.12))
    (fp_line (start -28.07 -41.4) (end -28.07 -50.93) (layer B.SilkS) (width 0.12))
    (fp_line (start -28.07 -50.93) (end 36.58 -50.93) (layer B.SilkS) (width 0.12))
    (fp_line (start 36.58 -50.93) (end 38.23 -49.28) (layer B.SilkS) (width 0.12))
    (fp_line (start 38.23 -49.28) (end 38.23 -37.85) (layer B.SilkS) (width 0.12))
    (fp_line (start 38.23 -37.85) (end 40.77 -35.31) (layer B.SilkS) (width 0.12))
    (fp_line (start -34.29 -29.84) (end -18.41 -29.84) (layer B.Fab) (width 0.1))
    (fp_line (start -18.41 -29.84) (end -18.41 -41.27) (layer B.Fab) (width 0.1))
    (fp_line (start -18.41 -41.27) (end -34.29 -41.27) (layer B.Fab) (width 0.1))
    (fp_line (start -34.29 -41.27) (end -34.29 -29.84) (layer B.Fab) (width 0.1))
    (fp_line (start -29.84 -0.64) (end -16.51 -0.64) (layer B.Fab) (width 0.1))
    (fp_line (start -16.51 -0.64) (end -16.51 -9.53) (layer B.Fab) (width 0.1))
    (fp_line (start -16.51 -9.53) (end -29.84 -9.53) (layer B.Fab) (width 0.1))
    (fp_line (start -29.84 -9.53) (end -29.84 -0.64) (layer B.Fab) (width 0.1))
    (fp_line (start 38.1 -37.85) (end 38.1 -49.28) (layer B.Fab) (width 0.1))
    (fp_line (start 40.64 -2.54) (end 40.64 -35.31) (layer B.Fab) (width 0.1))
    (fp_line (start 40.64 -35.31) (end 38.1 -37.85) (layer B.Fab) (width 0.1))
    (fp_line (start 38.1 2.54) (end 38.1 0) (layer B.Fab) (width 0.1))
    (fp_line (start 38.1 0) (end 40.64 -2.54) (layer B.Fab) (width 0.1))
    (fp_line (start 38.1 -49.28) (end 36.58 -50.8) (layer B.Fab) (width 0.1))
    (fp_line (start 36.58 -50.8) (end -27.94 -50.8) (layer B.Fab) (width 0.1))
    (fp_line (start -27.94 -50.8) (end -27.94 2.54) (layer B.Fab) (width 0.1))
    (fp_line (start -27.94 2.54) (end 38.1 2.54) (layer B.Fab) (width 0.1))
    (pad 32 thru_hole oval (at -9.14 -48.26 180) (size 1.6 1.6) (drill 0.8) (layers *.Cu *.Mask)
      (net 1 /SCL))
    (pad 31 thru_hole oval (at -6.6 -48.26 180) (size 1.6 1.6) (drill 0.8) (layers *.Cu *.Mask)
      (net 2 /SDA))
    (pad 1 thru_hole rect (at 0 0 180) (size 1.6 1.6) (drill 0.8) (layers *.Cu *.Mask)
      (net 3 "Net-(A1-Pad1)"))
    (pad 17 thru_hole oval (at 30.48 -48.26 180) (size 1.6 1.6) (drill 0.8) (layers *.Cu *.Mask)
      (net 4 "Net-(A1-Pad17)"))
    (pad 2 thru_hole oval (at 2.54 0 180) (size 1.6 1.6) (drill 0.8) (layers *.Cu *.Mask)
      (net 5 "Net-(A1-Pad2)"))
    (pad 18 thru_hole oval (at 27.94 -48.26 180) (size 1.6 1.6) (drill 0.8) (layers *.Cu *.Mask)
      (net 6 "Net-(A1-Pad18)"))
    (pad 3 thru_hole oval (at 5.08 0 180) (size 1.6 1.6) (drill 0.8) (layers *.Cu *.Mask)
      (net 7 "Net-(A1-Pad3)"))
    (pad 19 thru_hole oval (at 25.4 -48.26 180) (size 1.6 1.6) (drill 0.8) (layers *.Cu *.Mask)
      (net 8 "Net-(A1-Pad19)"))
    (pad 4 thru_hole oval (at 7.62 0 180) (size 1.6 1.6) (drill 0.8) (layers *.Cu *.Mask)
      (net 9 "Net-(A1-Pad4)"))
    (pad 20 thru_hole oval (at 22.86 -48.26 180) (size 1.6 1.6) (drill 0.8) (layers *.Cu *.Mask)
      (net 10 "Net-(A1-Pad20)"))
    (pad 5 thru_hole oval (at 10.16 0 180) (size 1.6 1.6) (drill 0.8) (layers *.Cu *.Mask)
      (net 30 VCC))
    (pad 21 thru_hole oval (at 20.32 -48.26 180) (size 1.6 1.6) (drill 0.8) (layers *.Cu *.Mask)
      (net 11 "Net-(A1-Pad21)"))
    (pad 6 thru_hole oval (at 12.7 0 180) (size 1.6 1.6) (drill 0.8) (layers *.Cu *.Mask)
      (net 29 GND))
    (pad 22 thru_hole oval (at 17.78 -48.26 180) (size 1.6 1.6) (drill 0.8) (layers *.Cu *.Mask)
      (net 12 "Net-(A1-Pad22)"))
    (pad 7 thru_hole oval (at 15.24 0 180) (size 1.6 1.6) (drill 0.8) (layers *.Cu *.Mask)
      (net 29 GND))
    (pad 23 thru_hole oval (at 13.72 -48.26 180) (size 1.6 1.6) (drill 0.8) (layers *.Cu *.Mask)
      (net 13 "Net-(A1-Pad23)"))
    (pad 8 thru_hole oval (at 17.78 0 180) (size 1.6 1.6) (drill 0.8) (layers *.Cu *.Mask)
      (net 14 "Net-(A1-Pad8)"))
    (pad 24 thru_hole oval (at 11.18 -48.26 180) (size 1.6 1.6) (drill 0.8) (layers *.Cu *.Mask)
      (net 15 "Net-(A1-Pad24)"))
    (pad 9 thru_hole oval (at 22.86 0 180) (size 1.6 1.6) (drill 0.8) (layers *.Cu *.Mask)
      (net 16 "Net-(A1-Pad9)"))
    (pad 25 thru_hole oval (at 8.64 -48.26 180) (size 1.6 1.6) (drill 0.8) (layers *.Cu *.Mask)
      (net 17 "Net-(A1-Pad25)"))
    (pad 10 thru_hole oval (at 25.4 0 180) (size 1.6 1.6) (drill 0.8) (layers *.Cu *.Mask)
      (net 18 "Net-(A1-Pad10)"))
    (pad 26 thru_hole oval (at 6.1 -48.26 180) (size 1.6 1.6) (drill 0.8) (layers *.Cu *.Mask)
      (net 19 "Net-(A1-Pad26)"))
    (pad 11 thru_hole oval (at 27.94 0 180) (size 1.6 1.6) (drill 0.8) (layers *.Cu *.Mask)
      (net 20 "Net-(A1-Pad11)"))
    (pad 27 thru_hole oval (at 3.56 -48.26 180) (size 1.6 1.6) (drill 0.8) (layers *.Cu *.Mask)
      (net 21 "Net-(A1-Pad27)"))
    (pad 12 thru_hole oval (at 30.48 0 180) (size 1.6 1.6) (drill 0.8) (layers *.Cu *.Mask)
      (net 28 /~OE))
    (pad 28 thru_hole oval (at 1.02 -48.26 180) (size 1.6 1.6) (drill 0.8) (layers *.Cu *.Mask)
      (net 22 "Net-(A1-Pad28)"))
    (pad 13 thru_hole oval (at 33.02 0 180) (size 1.6 1.6) (drill 0.8) (layers *.Cu *.Mask)
      (net 23 "Net-(A1-Pad13)") (zone_connect 1))
    (pad 29 thru_hole oval (at -1.52 -48.26 180) (size 1.6 1.6) (drill 0.8) (layers *.Cu *.Mask)
      (net 29 GND))
    (pad 14 thru_hole oval (at 35.56 0 180) (size 1.6 1.6) (drill 0.8) (layers *.Cu *.Mask)
      (net 24 "Net-(A1-Pad14)"))
    (pad 30 thru_hole oval (at -4.06 -48.26 180) (size 1.6 1.6) (drill 0.8) (layers *.Cu *.Mask)
      (net 25 "Net-(A1-Pad30)"))
    (pad 15 thru_hole oval (at 35.56 -48.26 180) (size 1.6 1.6) (drill 0.8) (layers *.Cu *.Mask)
      (net 26 "Net-(A1-Pad15)"))
    (pad 16 thru_hole oval (at 33.02 -48.26 180) (size 1.6 1.6) (drill 0.8) (layers *.Cu *.Mask)
      (net 27 "Net-(A1-Pad16)"))
    (model ${KISYS3DMOD}/Module.3dshapes/Arduino_UNO_R3.wrl
      (at (xyz 0 0 0))
      (scale (xyz 1 1 1))
      (rotate (xyz 0 0 0))
    )
  )

  (module Package_SO:TSSOP-28_4.4x9.7mm_P0.65mm (layer F.Cu) (tedit 5A02F25C) (tstamp 5C4CD5A4)
    (at 113.157 91.694)
    (descr "TSSOP28: plastic thin shrink small outline package; 28 leads; body width 4.4 mm; (see NXP SSOP-TSSOP-VSO-REFLOW.pdf and sot361-1_po.pdf)")
    (tags "SSOP 0.65")
    (path /5C1AEF8B)
    (attr smd)
    (fp_text reference U1 (at -0.127 -5.842) (layer F.SilkS)
      (effects (font (size 1 1) (thickness 0.15)))
    )
    (fp_text value PCA9685PW (at 0 5.9) (layer F.Fab)
      (effects (font (size 1 1) (thickness 0.15)))
    )
    (fp_line (start -1.2 -4.85) (end 2.2 -4.85) (layer F.Fab) (width 0.15))
    (fp_line (start 2.2 -4.85) (end 2.2 4.85) (layer F.Fab) (width 0.15))
    (fp_line (start 2.2 4.85) (end -2.2 4.85) (layer F.Fab) (width 0.15))
    (fp_line (start -2.2 4.85) (end -2.2 -3.85) (layer F.Fab) (width 0.15))
    (fp_line (start -2.2 -3.85) (end -1.2 -4.85) (layer F.Fab) (width 0.15))
    (fp_line (start -3.65 -5.15) (end -3.65 5.15) (layer F.CrtYd) (width 0.05))
    (fp_line (start 3.65 -5.15) (end 3.65 5.15) (layer F.CrtYd) (width 0.05))
    (fp_line (start -3.65 -5.15) (end 3.65 -5.15) (layer F.CrtYd) (width 0.05))
    (fp_line (start -3.65 5.15) (end 3.65 5.15) (layer F.CrtYd) (width 0.05))
    (fp_line (start -2.325 -4.975) (end -2.325 -4.75) (layer F.SilkS) (width 0.15))
    (fp_line (start 2.325 -4.975) (end 2.325 -4.65) (layer F.SilkS) (width 0.15))
    (fp_line (start 2.325 4.975) (end 2.325 4.65) (layer F.SilkS) (width 0.15))
    (fp_line (start -2.325 4.975) (end -2.325 4.65) (layer F.SilkS) (width 0.15))
    (fp_line (start -2.325 -4.975) (end 2.325 -4.975) (layer F.SilkS) (width 0.15))
    (fp_line (start -2.325 4.975) (end 2.325 4.975) (layer F.SilkS) (width 0.15))
    (fp_line (start -2.325 -4.75) (end -3.4 -4.75) (layer F.SilkS) (width 0.15))
    (fp_text user %R (at 0 0) (layer F.Fab)
      (effects (font (size 0.8 0.8) (thickness 0.15)))
    )
    (pad 1 smd rect (at -2.85 -4.225) (size 1.1 0.4) (layers F.Cu F.Paste F.Mask)
      (net 62 "Net-(R26-Pad1)"))
    (pad 2 smd rect (at -2.85 -3.575) (size 1.1 0.4) (layers F.Cu F.Paste F.Mask)
      (net 61 "Net-(R25-Pad1)"))
    (pad 3 smd rect (at -2.85 -2.925) (size 1.1 0.4) (layers F.Cu F.Paste F.Mask)
      (net 60 "Net-(R24-Pad1)"))
    (pad 4 smd rect (at -2.85 -2.275) (size 1.1 0.4) (layers F.Cu F.Paste F.Mask)
      (net 59 "Net-(R23-Pad1)"))
    (pad 5 smd rect (at -2.85 -1.625) (size 1.1 0.4) (layers F.Cu F.Paste F.Mask)
      (net 58 "Net-(R22-Pad1)"))
    (pad 6 smd rect (at -2.85 -0.975) (size 1.1 0.4) (layers F.Cu F.Paste F.Mask)
      (net 54 /PWM0))
    (pad 7 smd rect (at -2.85 -0.325) (size 1.1 0.4) (layers F.Cu F.Paste F.Mask)
      (net 55 /PWM1))
    (pad 8 smd rect (at -2.85 0.325) (size 1.1 0.4) (layers F.Cu F.Paste F.Mask)
      (net 56 /PWM2))
    (pad 9 smd rect (at -2.85 0.975) (size 1.1 0.4) (layers F.Cu F.Paste F.Mask)
      (net 57 /PWM3))
    (pad 10 smd rect (at -2.85 1.625) (size 1.1 0.4) (layers F.Cu F.Paste F.Mask)
      (net 53 /PWM4))
    (pad 11 smd rect (at -2.85 2.275) (size 1.1 0.4) (layers F.Cu F.Paste F.Mask)
      (net 52 /PWM5))
    (pad 12 smd rect (at -2.85 2.925) (size 1.1 0.4) (layers F.Cu F.Paste F.Mask)
      (net 51 /PWM6))
    (pad 13 smd rect (at -2.85 3.575) (size 1.1 0.4) (layers F.Cu F.Paste F.Mask)
      (net 50 /PWM7))
    (pad 14 smd rect (at -2.85 4.225) (size 1.1 0.4) (layers F.Cu F.Paste F.Mask)
      (net 29 GND))
    (pad 15 smd rect (at 2.85 4.225) (size 1.1 0.4) (layers F.Cu F.Paste F.Mask)
      (net 49 /PWM8))
    (pad 16 smd rect (at 2.85 3.575) (size 1.1 0.4) (layers F.Cu F.Paste F.Mask)
      (net 48 /PWM9))
    (pad 17 smd rect (at 2.85 2.925) (size 1.1 0.4) (layers F.Cu F.Paste F.Mask)
      (net 47 /PWM10))
    (pad 18 smd rect (at 2.85 2.275) (size 1.1 0.4) (layers F.Cu F.Paste F.Mask)
      (net 46 /PWM11))
    (pad 19 smd rect (at 2.85 1.625) (size 1.1 0.4) (layers F.Cu F.Paste F.Mask)
      (net 63 "Net-(U1-Pad19)"))
    (pad 20 smd rect (at 2.85 0.975) (size 1.1 0.4) (layers F.Cu F.Paste F.Mask)
      (net 64 "Net-(U1-Pad20)"))
    (pad 21 smd rect (at 2.85 0.325) (size 1.1 0.4) (layers F.Cu F.Paste F.Mask)
      (net 65 "Net-(U1-Pad21)"))
    (pad 22 smd rect (at 2.85 -0.325) (size 1.1 0.4) (layers F.Cu F.Paste F.Mask)
      (net 66 "Net-(U1-Pad22)"))
    (pad 23 smd rect (at 2.85 -0.975) (size 1.1 0.4) (layers F.Cu F.Paste F.Mask)
      (net 28 /~OE))
    (pad 24 smd rect (at 2.85 -1.625) (size 1.1 0.4) (layers F.Cu F.Paste F.Mask)
      (net 31 "Net-(R1-Pad1)"))
    (pad 25 smd rect (at 2.85 -2.275) (size 1.1 0.4) (layers F.Cu F.Paste F.Mask)
      (net 29 GND))
    (pad 26 smd rect (at 2.85 -2.925) (size 1.1 0.4) (layers F.Cu F.Paste F.Mask)
      (net 1 /SCL))
    (pad 27 smd rect (at 2.85 -3.575) (size 1.1 0.4) (layers F.Cu F.Paste F.Mask)
      (net 2 /SDA))
    (pad 28 smd rect (at 2.85 -4.225) (size 1.1 0.4) (layers F.Cu F.Paste F.Mask)
      (net 30 VCC))
    (model ${KISYS3DMOD}/Package_SO.3dshapes/TSSOP-28_4.4x9.7mm_P0.65mm.wrl
      (at (xyz 0 0 0))
      (scale (xyz 1 1 1))
      (rotate (xyz 0 0 0))
    )
  )

  (module TerminalBlock_MetzConnect:TerminalBlock_MetzConnect_Type055_RT01502HDWU_1x02_P5.00mm_Horizontal (layer F.Cu) (tedit 5C477AB7) (tstamp 5C504274)
    (at 79.502 90.17 270)
    (descr "terminal block Metz Connect Type055_RT01502HDWU, 2 pins, pitch 5mm, size 10x8mm^2, drill diamater 1.3mm, pad diameter 2.5mm, see http://www.metz-connect.com/de/system/files/productfiles/Datenblatt_310551_RT015xxHDWU_OFF-022723S.pdf, script-generated using https://github.com/pointhi/kicad-footprint-generator/scripts/TerminalBlock_MetzConnect")
    (tags "THT terminal block Metz Connect Type055_RT01502HDWU pitch 5mm size 10x8mm^2 drill 1.3mm pad 2.5mm")
    (path /5C429E96)
    (fp_text reference J1 (at -3.81 0) (layer F.SilkS)
      (effects (font (size 1 1) (thickness 0.15)))
    )
    (fp_text value Screw_Terminal_01x02 (at 2.5 5.06 270) (layer F.Fab)
      (effects (font (size 1 1) (thickness 0.15)))
    )
    (fp_arc (start 0 0) (end 0 1.68) (angle -28) (layer F.SilkS) (width 0.12))
    (fp_arc (start 0 0) (end 1.484 0.789) (angle -56) (layer F.SilkS) (width 0.12))
    (fp_arc (start 0 0) (end 0.789 -1.484) (angle -56) (layer F.SilkS) (width 0.12))
    (fp_arc (start 0 0) (end -1.484 -0.789) (angle -56) (layer F.SilkS) (width 0.12))
    (fp_arc (start 0 0) (end -0.789 1.484) (angle -29) (layer F.SilkS) (width 0.12))
    (fp_circle (center 0 0) (end 1.5 0) (layer F.Fab) (width 0.1))
    (fp_circle (center 5 0) (end 6.5 0) (layer F.Fab) (width 0.1))
    (fp_circle (center 5 0) (end 6.68 0) (layer F.SilkS) (width 0.12))
    (fp_line (start -2.5 -4) (end 7.5 -4) (layer F.Fab) (width 0.1))
    (fp_line (start 7.5 -4) (end 7.5 4) (layer F.Fab) (width 0.1))
    (fp_line (start 7.5 4) (end -0.5 4) (layer F.Fab) (width 0.1))
    (fp_line (start -0.5 4) (end -2.5 2) (layer F.Fab) (width 0.1))
    (fp_line (start -2.5 2) (end -2.5 -4) (layer F.Fab) (width 0.1))
    (fp_line (start -2.5 2) (end 7.5 2) (layer F.Fab) (width 0.1))
    (fp_line (start -2.56 2) (end 7.56 2) (layer F.SilkS) (width 0.12))
    (fp_line (start -2.5 -2) (end 7.5 -2) (layer F.Fab) (width 0.1))
    (fp_line (start -2.56 -2) (end 7.56 -2) (layer F.SilkS) (width 0.12))
    (fp_line (start -2.56 -4.06) (end 7.56 -4.06) (layer F.SilkS) (width 0.12))
    (fp_line (start -2.56 4.06) (end 7.56 4.06) (layer F.SilkS) (width 0.12))
    (fp_line (start -2.56 -4.06) (end -2.56 4.06) (layer F.SilkS) (width 0.12))
    (fp_line (start 7.56 -4.06) (end 7.56 4.06) (layer F.SilkS) (width 0.12))
    (fp_line (start 1.138 -0.955) (end -0.955 1.138) (layer F.Fab) (width 0.1))
    (fp_line (start 0.955 -1.138) (end -1.138 0.955) (layer F.Fab) (width 0.1))
    (fp_line (start 6.138 -0.955) (end 4.046 1.138) (layer F.Fab) (width 0.1))
    (fp_line (start 5.955 -1.138) (end 3.863 0.955) (layer F.Fab) (width 0.1))
    (fp_line (start 6.275 -1.069) (end 6.181 -0.976) (layer F.SilkS) (width 0.12))
    (fp_line (start 3.99 1.216) (end 3.931 1.274) (layer F.SilkS) (width 0.12))
    (fp_line (start 6.07 -1.275) (end 6.011 -1.216) (layer F.SilkS) (width 0.12))
    (fp_line (start 3.82 0.976) (end 3.726 1.069) (layer F.SilkS) (width 0.12))
    (fp_line (start -2.8 2.06) (end -2.8 4.3) (layer F.SilkS) (width 0.12))
    (fp_line (start -2.8 4.3) (end -0.8 4.3) (layer F.SilkS) (width 0.12))
    (fp_line (start -3 -4.5) (end -3 4.5) (layer F.CrtYd) (width 0.05))
    (fp_line (start -3 4.5) (end 8 4.5) (layer F.CrtYd) (width 0.05))
    (fp_line (start 8 4.5) (end 8 -4.5) (layer F.CrtYd) (width 0.05))
    (fp_line (start 8 -4.5) (end -3 -4.5) (layer F.CrtYd) (width 0.05))
    (fp_text user %R (at 2.5 3 270) (layer F.Fab)
      (effects (font (size 1 1) (thickness 0.15)))
    )
    (pad 1 thru_hole rect (at 0 0 270) (size 2.5 2.5) (drill 1.3) (layers *.Cu *.Mask)
      (net 29 GND) (zone_connect 2))
    (pad 2 thru_hole circle (at 5 0 270) (size 2.5 2.5) (drill 1.3) (layers *.Cu *.Mask)
      (net 45 /input_hicurrent))
    (model ${KISYS3DMOD}/TerminalBlock_MetzConnect.3dshapes/TerminalBlock_MetzConnect_Type055_RT01502HDWU_1x02_P5.00mm_Horizontal.wrl
      (at (xyz 0 0 0))
      (scale (xyz 1 1 1))
      (rotate (xyz 0 0 0))
    )
  )

  (module Resistor_SMD:R_0805_2012Metric_Pad1.15x1.40mm_HandSolder (layer F.Cu) (tedit 5B36C52B) (tstamp 5C4CC27E)
    (at 118.745 91.195 270)
    (descr "Resistor SMD 0805 (2012 Metric), square (rectangular) end terminal, IPC_7351 nominal with elongated pad for handsoldering. (Body size source: https://docs.google.com/spreadsheets/d/1BsfQQcO9C6DZCsRaXUlFlo91Tg2WpOkGARC1WS5S8t0/edit?usp=sharing), generated with kicad-footprint-generator")
    (tags "resistor handsolder")
    (path /5C1B5891)
    (attr smd)
    (fp_text reference R1 (at -3.311 0.127 270) (layer F.SilkS)
      (effects (font (size 1 1) (thickness 0.15)))
    )
    (fp_text value 10K (at 0 1.65 270) (layer F.Fab)
      (effects (font (size 1 1) (thickness 0.15)))
    )
    (fp_line (start -1 0.6) (end -1 -0.6) (layer F.Fab) (width 0.1))
    (fp_line (start -1 -0.6) (end 1 -0.6) (layer F.Fab) (width 0.1))
    (fp_line (start 1 -0.6) (end 1 0.6) (layer F.Fab) (width 0.1))
    (fp_line (start 1 0.6) (end -1 0.6) (layer F.Fab) (width 0.1))
    (fp_line (start -0.261252 -0.71) (end 0.261252 -0.71) (layer F.SilkS) (width 0.12))
    (fp_line (start -0.261252 0.71) (end 0.261252 0.71) (layer F.SilkS) (width 0.12))
    (fp_line (start -1.85 0.95) (end -1.85 -0.95) (layer F.CrtYd) (width 0.05))
    (fp_line (start -1.85 -0.95) (end 1.85 -0.95) (layer F.CrtYd) (width 0.05))
    (fp_line (start 1.85 -0.95) (end 1.85 0.95) (layer F.CrtYd) (width 0.05))
    (fp_line (start 1.85 0.95) (end -1.85 0.95) (layer F.CrtYd) (width 0.05))
    (fp_text user %R (at 0 0 270) (layer F.Fab)
      (effects (font (size 0.5 0.5) (thickness 0.08)))
    )
    (pad 1 smd roundrect (at -1.025 0 270) (size 1.15 1.4) (layers F.Cu F.Paste F.Mask) (roundrect_rratio 0.217391)
      (net 31 "Net-(R1-Pad1)"))
    (pad 2 smd roundrect (at 1.025 0 270) (size 1.15 1.4) (layers F.Cu F.Paste F.Mask) (roundrect_rratio 0.217391)
      (net 29 GND))
    (model ${KISYS3DMOD}/Resistor_SMD.3dshapes/R_0805_2012Metric.wrl
      (at (xyz 0 0 0))
      (scale (xyz 1 1 1))
      (rotate (xyz 0 0 0))
    )
  )

  (module Resistor_SMD:R_0805_2012Metric_Pad1.15x1.40mm_HandSolder (layer F.Cu) (tedit 5B36C52B) (tstamp 5C4CC28F)
    (at 122.419 85.598 180)
    (descr "Resistor SMD 0805 (2012 Metric), square (rectangular) end terminal, IPC_7351 nominal with elongated pad for handsoldering. (Body size source: https://docs.google.com/spreadsheets/d/1BsfQQcO9C6DZCsRaXUlFlo91Tg2WpOkGARC1WS5S8t0/edit?usp=sharing), generated with kicad-footprint-generator")
    (tags "resistor handsolder")
    (path /5C4B6DD0)
    (attr smd)
    (fp_text reference R2 (at -3.311 0 180) (layer F.SilkS)
      (effects (font (size 1 1) (thickness 0.15)))
    )
    (fp_text value 10K (at 0 1.65 180) (layer F.Fab)
      (effects (font (size 1 1) (thickness 0.15)))
    )
    (fp_text user %R (at 0 0 180) (layer F.Fab)
      (effects (font (size 0.5 0.5) (thickness 0.08)))
    )
    (fp_line (start 1.85 0.95) (end -1.85 0.95) (layer F.CrtYd) (width 0.05))
    (fp_line (start 1.85 -0.95) (end 1.85 0.95) (layer F.CrtYd) (width 0.05))
    (fp_line (start -1.85 -0.95) (end 1.85 -0.95) (layer F.CrtYd) (width 0.05))
    (fp_line (start -1.85 0.95) (end -1.85 -0.95) (layer F.CrtYd) (width 0.05))
    (fp_line (start -0.261252 0.71) (end 0.261252 0.71) (layer F.SilkS) (width 0.12))
    (fp_line (start -0.261252 -0.71) (end 0.261252 -0.71) (layer F.SilkS) (width 0.12))
    (fp_line (start 1 0.6) (end -1 0.6) (layer F.Fab) (width 0.1))
    (fp_line (start 1 -0.6) (end 1 0.6) (layer F.Fab) (width 0.1))
    (fp_line (start -1 -0.6) (end 1 -0.6) (layer F.Fab) (width 0.1))
    (fp_line (start -1 0.6) (end -1 -0.6) (layer F.Fab) (width 0.1))
    (pad 2 smd roundrect (at 1.025 0 180) (size 1.15 1.4) (layers F.Cu F.Paste F.Mask) (roundrect_rratio 0.217391)
      (net 2 /SDA))
    (pad 1 smd roundrect (at -1.025 0 180) (size 1.15 1.4) (layers F.Cu F.Paste F.Mask) (roundrect_rratio 0.217391)
      (net 30 VCC))
    (model ${KISYS3DMOD}/Resistor_SMD.3dshapes/R_0805_2012Metric.wrl
      (at (xyz 0 0 0))
      (scale (xyz 1 1 1))
      (rotate (xyz 0 0 0))
    )
  )

  (module Resistor_SMD:R_0805_2012Metric_Pad1.15x1.40mm_HandSolder (layer F.Cu) (tedit 5B36C52B) (tstamp 5C4CC2A0)
    (at 122.419 88.9 180)
    (descr "Resistor SMD 0805 (2012 Metric), square (rectangular) end terminal, IPC_7351 nominal with elongated pad for handsoldering. (Body size source: https://docs.google.com/spreadsheets/d/1BsfQQcO9C6DZCsRaXUlFlo91Tg2WpOkGARC1WS5S8t0/edit?usp=sharing), generated with kicad-footprint-generator")
    (tags "resistor handsolder")
    (path /5C4B6584)
    (attr smd)
    (fp_text reference R3 (at -3.311 0 180) (layer F.SilkS)
      (effects (font (size 1 1) (thickness 0.15)))
    )
    (fp_text value 10K (at 0 1.65 180) (layer F.Fab)
      (effects (font (size 1 1) (thickness 0.15)))
    )
    (fp_line (start -1 0.6) (end -1 -0.6) (layer F.Fab) (width 0.1))
    (fp_line (start -1 -0.6) (end 1 -0.6) (layer F.Fab) (width 0.1))
    (fp_line (start 1 -0.6) (end 1 0.6) (layer F.Fab) (width 0.1))
    (fp_line (start 1 0.6) (end -1 0.6) (layer F.Fab) (width 0.1))
    (fp_line (start -0.261252 -0.71) (end 0.261252 -0.71) (layer F.SilkS) (width 0.12))
    (fp_line (start -0.261252 0.71) (end 0.261252 0.71) (layer F.SilkS) (width 0.12))
    (fp_line (start -1.85 0.95) (end -1.85 -0.95) (layer F.CrtYd) (width 0.05))
    (fp_line (start -1.85 -0.95) (end 1.85 -0.95) (layer F.CrtYd) (width 0.05))
    (fp_line (start 1.85 -0.95) (end 1.85 0.95) (layer F.CrtYd) (width 0.05))
    (fp_line (start 1.85 0.95) (end -1.85 0.95) (layer F.CrtYd) (width 0.05))
    (fp_text user %R (at 0 0 180) (layer F.Fab)
      (effects (font (size 0.5 0.5) (thickness 0.08)))
    )
    (pad 1 smd roundrect (at -1.025 0 180) (size 1.15 1.4) (layers F.Cu F.Paste F.Mask) (roundrect_rratio 0.217391)
      (net 30 VCC))
    (pad 2 smd roundrect (at 1.025 0 180) (size 1.15 1.4) (layers F.Cu F.Paste F.Mask) (roundrect_rratio 0.217391)
      (net 1 /SCL))
    (model ${KISYS3DMOD}/Resistor_SMD.3dshapes/R_0805_2012Metric.wrl
      (at (xyz 0 0 0))
      (scale (xyz 1 1 1))
      (rotate (xyz 0 0 0))
    )
  )

  (module Resistor_SMD:R_0805_2012Metric_Pad1.15x1.40mm_HandSolder (layer F.Cu) (tedit 5B36C52B) (tstamp 5C4CC2E4)
    (at 106.036 91.186 180)
    (descr "Resistor SMD 0805 (2012 Metric), square (rectangular) end terminal, IPC_7351 nominal with elongated pad for handsoldering. (Body size source: https://docs.google.com/spreadsheets/d/1BsfQQcO9C6DZCsRaXUlFlo91Tg2WpOkGARC1WS5S8t0/edit?usp=sharing), generated with kicad-footprint-generator")
    (tags "resistor handsolder")
    (path /5C4E92AE)
    (attr smd)
    (fp_text reference R22 (at 3.42 0 180) (layer F.SilkS)
      (effects (font (size 1 1) (thickness 0.15)))
    )
    (fp_text value 10K (at 0 1.65 180) (layer F.Fab)
      (effects (font (size 1 1) (thickness 0.15)))
    )
    (fp_text user %R (at 0 0 180) (layer F.Fab)
      (effects (font (size 0.5 0.5) (thickness 0.08)))
    )
    (fp_line (start 1.85 0.95) (end -1.85 0.95) (layer F.CrtYd) (width 0.05))
    (fp_line (start 1.85 -0.95) (end 1.85 0.95) (layer F.CrtYd) (width 0.05))
    (fp_line (start -1.85 -0.95) (end 1.85 -0.95) (layer F.CrtYd) (width 0.05))
    (fp_line (start -1.85 0.95) (end -1.85 -0.95) (layer F.CrtYd) (width 0.05))
    (fp_line (start -0.261252 0.71) (end 0.261252 0.71) (layer F.SilkS) (width 0.12))
    (fp_line (start -0.261252 -0.71) (end 0.261252 -0.71) (layer F.SilkS) (width 0.12))
    (fp_line (start 1 0.6) (end -1 0.6) (layer F.Fab) (width 0.1))
    (fp_line (start 1 -0.6) (end 1 0.6) (layer F.Fab) (width 0.1))
    (fp_line (start -1 -0.6) (end 1 -0.6) (layer F.Fab) (width 0.1))
    (fp_line (start -1 0.6) (end -1 -0.6) (layer F.Fab) (width 0.1))
    (pad 2 smd roundrect (at 1.025 0 180) (size 1.15 1.4) (layers F.Cu F.Paste F.Mask) (roundrect_rratio 0.217391)
      (net 30 VCC))
    (pad 1 smd roundrect (at -1.025 0 180) (size 1.15 1.4) (layers F.Cu F.Paste F.Mask) (roundrect_rratio 0.217391)
      (net 58 "Net-(R22-Pad1)"))
    (model ${KISYS3DMOD}/Resistor_SMD.3dshapes/R_0805_2012Metric.wrl
      (at (xyz 0 0 0))
      (scale (xyz 1 1 1))
      (rotate (xyz 0 0 0))
    )
  )

  (module Resistor_SMD:R_0805_2012Metric_Pad1.15x1.40mm_HandSolder (layer F.Cu) (tedit 5B36C52B) (tstamp 5C4CC2F5)
    (at 106.036 89.154 180)
    (descr "Resistor SMD 0805 (2012 Metric), square (rectangular) end terminal, IPC_7351 nominal with elongated pad for handsoldering. (Body size source: https://docs.google.com/spreadsheets/d/1BsfQQcO9C6DZCsRaXUlFlo91Tg2WpOkGARC1WS5S8t0/edit?usp=sharing), generated with kicad-footprint-generator")
    (tags "resistor handsolder")
    (path /5C4E9154)
    (attr smd)
    (fp_text reference R23 (at 3.674 0 180) (layer F.SilkS)
      (effects (font (size 1 1) (thickness 0.15)))
    )
    (fp_text value 10K (at 0 1.65 180) (layer F.Fab)
      (effects (font (size 1 1) (thickness 0.15)))
    )
    (fp_text user %R (at 0 0 180) (layer F.Fab)
      (effects (font (size 0.5 0.5) (thickness 0.08)))
    )
    (fp_line (start 1.85 0.95) (end -1.85 0.95) (layer F.CrtYd) (width 0.05))
    (fp_line (start 1.85 -0.95) (end 1.85 0.95) (layer F.CrtYd) (width 0.05))
    (fp_line (start -1.85 -0.95) (end 1.85 -0.95) (layer F.CrtYd) (width 0.05))
    (fp_line (start -1.85 0.95) (end -1.85 -0.95) (layer F.CrtYd) (width 0.05))
    (fp_line (start -0.261252 0.71) (end 0.261252 0.71) (layer F.SilkS) (width 0.12))
    (fp_line (start -0.261252 -0.71) (end 0.261252 -0.71) (layer F.SilkS) (width 0.12))
    (fp_line (start 1 0.6) (end -1 0.6) (layer F.Fab) (width 0.1))
    (fp_line (start 1 -0.6) (end 1 0.6) (layer F.Fab) (width 0.1))
    (fp_line (start -1 -0.6) (end 1 -0.6) (layer F.Fab) (width 0.1))
    (fp_line (start -1 0.6) (end -1 -0.6) (layer F.Fab) (width 0.1))
    (pad 2 smd roundrect (at 1.025 0 180) (size 1.15 1.4) (layers F.Cu F.Paste F.Mask) (roundrect_rratio 0.217391)
      (net 29 GND))
    (pad 1 smd roundrect (at -1.025 0 180) (size 1.15 1.4) (layers F.Cu F.Paste F.Mask) (roundrect_rratio 0.217391)
      (net 59 "Net-(R23-Pad1)"))
    (model ${KISYS3DMOD}/Resistor_SMD.3dshapes/R_0805_2012Metric.wrl
      (at (xyz 0 0 0))
      (scale (xyz 1 1 1))
      (rotate (xyz 0 0 0))
    )
  )

  (module Resistor_SMD:R_0805_2012Metric_Pad1.15x1.40mm_HandSolder (layer F.Cu) (tedit 5B36C52B) (tstamp 5C4CC306)
    (at 106.036 87.122 180)
    (descr "Resistor SMD 0805 (2012 Metric), square (rectangular) end terminal, IPC_7351 nominal with elongated pad for handsoldering. (Body size source: https://docs.google.com/spreadsheets/d/1BsfQQcO9C6DZCsRaXUlFlo91Tg2WpOkGARC1WS5S8t0/edit?usp=sharing), generated with kicad-footprint-generator")
    (tags "resistor handsolder")
    (path /5C4E91D2)
    (attr smd)
    (fp_text reference R24 (at 3.674 0 180) (layer F.SilkS)
      (effects (font (size 1 1) (thickness 0.15)))
    )
    (fp_text value 10K (at 0 1.65 180) (layer F.Fab)
      (effects (font (size 1 1) (thickness 0.15)))
    )
    (fp_line (start -1 0.6) (end -1 -0.6) (layer F.Fab) (width 0.1))
    (fp_line (start -1 -0.6) (end 1 -0.6) (layer F.Fab) (width 0.1))
    (fp_line (start 1 -0.6) (end 1 0.6) (layer F.Fab) (width 0.1))
    (fp_line (start 1 0.6) (end -1 0.6) (layer F.Fab) (width 0.1))
    (fp_line (start -0.261252 -0.71) (end 0.261252 -0.71) (layer F.SilkS) (width 0.12))
    (fp_line (start -0.261252 0.71) (end 0.261252 0.71) (layer F.SilkS) (width 0.12))
    (fp_line (start -1.85 0.95) (end -1.85 -0.95) (layer F.CrtYd) (width 0.05))
    (fp_line (start -1.85 -0.95) (end 1.85 -0.95) (layer F.CrtYd) (width 0.05))
    (fp_line (start 1.85 -0.95) (end 1.85 0.95) (layer F.CrtYd) (width 0.05))
    (fp_line (start 1.85 0.95) (end -1.85 0.95) (layer F.CrtYd) (width 0.05))
    (fp_text user %R (at 0 0 180) (layer F.Fab)
      (effects (font (size 0.5 0.5) (thickness 0.08)))
    )
    (pad 1 smd roundrect (at -1.025 0 180) (size 1.15 1.4) (layers F.Cu F.Paste F.Mask) (roundrect_rratio 0.217391)
      (net 60 "Net-(R24-Pad1)"))
    (pad 2 smd roundrect (at 1.025 0 180) (size 1.15 1.4) (layers F.Cu F.Paste F.Mask) (roundrect_rratio 0.217391)
      (net 30 VCC))
    (model ${KISYS3DMOD}/Resistor_SMD.3dshapes/R_0805_2012Metric.wrl
      (at (xyz 0 0 0))
      (scale (xyz 1 1 1))
      (rotate (xyz 0 0 0))
    )
  )

  (module Resistor_SMD:R_0805_2012Metric_Pad1.15x1.40mm_HandSolder (layer F.Cu) (tedit 5B36C52B) (tstamp 5C4CC317)
    (at 106.036 85.09 180)
    (descr "Resistor SMD 0805 (2012 Metric), square (rectangular) end terminal, IPC_7351 nominal with elongated pad for handsoldering. (Body size source: https://docs.google.com/spreadsheets/d/1BsfQQcO9C6DZCsRaXUlFlo91Tg2WpOkGARC1WS5S8t0/edit?usp=sharing), generated with kicad-footprint-generator")
    (tags "resistor handsolder")
    (path /5C4E9324)
    (attr smd)
    (fp_text reference R25 (at 3.674 0 180) (layer F.SilkS)
      (effects (font (size 1 1) (thickness 0.15)))
    )
    (fp_text value 10K (at 0 1.65 180) (layer F.Fab)
      (effects (font (size 1 1) (thickness 0.15)))
    )
    (fp_line (start -1 0.6) (end -1 -0.6) (layer F.Fab) (width 0.1))
    (fp_line (start -1 -0.6) (end 1 -0.6) (layer F.Fab) (width 0.1))
    (fp_line (start 1 -0.6) (end 1 0.6) (layer F.Fab) (width 0.1))
    (fp_line (start 1 0.6) (end -1 0.6) (layer F.Fab) (width 0.1))
    (fp_line (start -0.261252 -0.71) (end 0.261252 -0.71) (layer F.SilkS) (width 0.12))
    (fp_line (start -0.261252 0.71) (end 0.261252 0.71) (layer F.SilkS) (width 0.12))
    (fp_line (start -1.85 0.95) (end -1.85 -0.95) (layer F.CrtYd) (width 0.05))
    (fp_line (start -1.85 -0.95) (end 1.85 -0.95) (layer F.CrtYd) (width 0.05))
    (fp_line (start 1.85 -0.95) (end 1.85 0.95) (layer F.CrtYd) (width 0.05))
    (fp_line (start 1.85 0.95) (end -1.85 0.95) (layer F.CrtYd) (width 0.05))
    (fp_text user %R (at 0 0 180) (layer F.Fab)
      (effects (font (size 0.5 0.5) (thickness 0.08)))
    )
    (pad 1 smd roundrect (at -1.025 0 180) (size 1.15 1.4) (layers F.Cu F.Paste F.Mask) (roundrect_rratio 0.217391)
      (net 61 "Net-(R25-Pad1)"))
    (pad 2 smd roundrect (at 1.025 0 180) (size 1.15 1.4) (layers F.Cu F.Paste F.Mask) (roundrect_rratio 0.217391)
      (net 29 GND))
    (model ${KISYS3DMOD}/Resistor_SMD.3dshapes/R_0805_2012Metric.wrl
      (at (xyz 0 0 0))
      (scale (xyz 1 1 1))
      (rotate (xyz 0 0 0))
    )
  )

  (module Resistor_SMD:R_0805_2012Metric_Pad1.15x1.40mm_HandSolder (layer F.Cu) (tedit 5B36C52B) (tstamp 5C5DAA5A)
    (at 106.036 83.058 180)
    (descr "Resistor SMD 0805 (2012 Metric), square (rectangular) end terminal, IPC_7351 nominal with elongated pad for handsoldering. (Body size source: https://docs.google.com/spreadsheets/d/1BsfQQcO9C6DZCsRaXUlFlo91Tg2WpOkGARC1WS5S8t0/edit?usp=sharing), generated with kicad-footprint-generator")
    (tags "resistor handsolder")
    (path /5C4E939C)
    (attr smd)
    (fp_text reference R26 (at 3.674 0 180) (layer F.SilkS)
      (effects (font (size 1 1) (thickness 0.15)))
    )
    (fp_text value 10K (at 0 1.65 180) (layer F.Fab)
      (effects (font (size 1 1) (thickness 0.15)))
    )
    (fp_text user %R (at 0 0 180) (layer F.Fab)
      (effects (font (size 0.5 0.5) (thickness 0.08)))
    )
    (fp_line (start 1.85 0.95) (end -1.85 0.95) (layer F.CrtYd) (width 0.05))
    (fp_line (start 1.85 -0.95) (end 1.85 0.95) (layer F.CrtYd) (width 0.05))
    (fp_line (start -1.85 -0.95) (end 1.85 -0.95) (layer F.CrtYd) (width 0.05))
    (fp_line (start -1.85 0.95) (end -1.85 -0.95) (layer F.CrtYd) (width 0.05))
    (fp_line (start -0.261252 0.71) (end 0.261252 0.71) (layer F.SilkS) (width 0.12))
    (fp_line (start -0.261252 -0.71) (end 0.261252 -0.71) (layer F.SilkS) (width 0.12))
    (fp_line (start 1 0.6) (end -1 0.6) (layer F.Fab) (width 0.1))
    (fp_line (start 1 -0.6) (end 1 0.6) (layer F.Fab) (width 0.1))
